338 Index ⁵

61919991,169,9116911911196117119116 111119, 61111, 1199111977 6916119116, 9116
911911, 1697 99119669111191996911 711719911991917 699119 31119119 ,979
1116911 19 1111199691 691 11761· 19 11, --,111979171971111191711967919 11191-
1779 ·611 11111691 1999911191 19 0919-

611679 196 1111911699, 16.7 9919 on ,119611651119111911·,111111117
611199111909191111679, 9997 1199111 11761771 17711991117 61191, 9797 1191191
ιι 19 977

6111119617· ·9969111999191 9 9699191919 19911111,Ρ1ε691111,11191119,111111191,
91119191919169 9697191, 967 91 two 119119119, 3711199 69 (11119166 Pnor)
91691 9697119191 19 9169111919 169 99991191 91, 7· 11 969111691ὴί11 19

,11811ωε 9713611119 91119911191 91 9 917179 ιιξὲῗοῗινιῗὲιέιιῐίἓιὲ ιζ6ω6ξ11ᾘ7 1111

6119311919, ι1911969119111961111116911 6119 6119111196, 1111, 111111
Morden‚173 69979119, 1111111991 6919 199991 19

611119619691911911996190911111116791661911, 197
99 1119 91 carmelites, 919 11169111, william, 199 91 1119119111 1911·

1111191199 1199111979 991111 Baton, 797

1111119111,111111111οι«11111911 1111111171, 11111711111111111 699111,

361199179771971119111711967991169 997197
19199178 -- ,1119791 19199198911111911,

--,ὀω111791.191911111 11101991 11196111961111911197169161 1917600111
3711176199, 9667 71971 6991919679 0197111711, 777
111,919 97 ·-- on. 9
-- ,1117971969119161 199619 3991699 -,6119119191,61199996.91ι69.,1“19
11619191, ι667 19 0691191199, 9779 Acerbum 191991 191191199, 791
190119911919111119,1’6.7 7197111191 ,11711919 61191ιῖ911 19119111 111 39191911,
7119679111 39111699 1919191, 979 791
1111711,11191111,191 1111111911,1111111991111191191111
-·- ,1197911 19999991199791117191116 39111199, 976 · ·
913.(11191,987 9111111111,111117,19171111111,11.;
6116911111, Alexander 691 holds 119619 warren, ib.; 1111 6911191 9116 19116
01971199, 9467 a 19176111 199111 19 11911911, 1171111 199 1199991919
391199, 796 fiam 1111111 1911991191, 167 9911911
6961911(3.), 169 1171911191 9 11911911 67 611 hev, 16.
69619919191919111199699 919191719, 1111971999, 911191, 1191117, 1911 91·
91811999117171191199111196111163.19999119 6196197197, 799 ·
111191· 19 1699911 969196 776 9111171- - ,1119791 71971 1991979 9191911991
11191919119119111917196119619811,1199 796 - ··
11961911, John. 199991 1110 9, 611969119, 119917 ,187
²⁸³ 11119611, ι1199111971 1999111 19 11911111,-
- ,1111176 9191119119 11119919 997 997, 996
1111719199, Pueros rent 71916117 719 11111111,.111111111,111119911,197
6971916979191Α11719199 · --·, 99999119911 two· 199119979919
Αι791111919,09119191ι9911191969976- 3 9691 1116, 09916111ᾒ9ῃ89
19191 1697196979 ,1969199119111119116111119119
11919119 (S) 9699105991916111719611991 6911919119, Jordan de: 69169 19116111
·1’1991191911116 9 1911719111 house 91 11911916, 9 76
1191911911, 79 11116711, 119719916191991691 rr 1 71117,
6161919197197191191991199191, 1977 176
7197191 9697119111 996 11916197 91191 -,1119691611119111119191”97
1119991, 997 119691111111911996711916119116111 1911-
·11111111·1·1·1·ἶ11“11ῗ1111,·1·ῗξ 1117717 11,1······1··1.,.“1ξ·ξ·
1119171999, 119 Am .· «1117911199, 116, 1-71971911119111
Afflfflglsu 1111111 thgirhffipfflu 11666, (11118ιὲ61911, 616Μ61911669 ··19911 9
view 91 1199171191ὴ9, 1777 91991191 1119191979 111 S 0199191111 7191116,
91 1191181 916, 989 Cambridge, 987
9111111171· ...1. 777111,
117171 · 191 171

ra

 

